- ID: 8
  Bandwidth: 233228
  Codecs: avc1.64000D
  Height: 216
  MIME_Type: video/mp4
  Width: 384
- ID: 9
  Bandwidth: 148430
  Codecs: avc1.64000D
  Height: 216
  MIME_Type: video/mp4
  Width: 384
